930	0.391486602
930.172	0.262306563
930.345	0.30536508
930.517	0.334071589
930.69	0.247954054
930.862	0.276659237
931.034	0.255130286
931.207	0.276659237
931.379	0.355601906
931.552	0.291012075
931.724	0.36995566
931.897	0.262306563
932.069	0.319718252
932.241	0.348425093
932.414	0.204897517
932.586	0.30536508
932.759	0.298188557
932.931	0.36995566
933.103	0.298188557
933.276	0.326894899
933.448	0.362778761
933.621	0.291012075
933.793	0.334071589
933.966	0.326894899
934.138	0.291012075
934.31	0.298188557
934.483	0.30536508
934.655	0.30536508
934.828	0.298188557
935	0.362778761
935.172	0.348425093
935.345	0.362778761
935.517	0.269482878
935.69	0.262306563
935.862	0.30536508
936.034	0.247954054
936.207	0.362778761
936.379	0.262306563
936.552	0.269482878
936.724	0.355601906
936.897	0.334071589
937.069	0.291012075
937.241	0.247954054
937.414	0.362778761
937.586	0.319718252
937.759	0.291012075
937.931	0.283835634
938.103	0.240777859
938.276	0.334071589
938.448	0.319718252
938.621	0.312541644
938.793	0.255130286
938.966	0.312541644
939.138	0.319718252
939.31	0.30536508
939.483	0.30536508
939.655	0.298188557
939.828	0.36995566
940	0.348425093
940.172	0.398663665
940.345	0.326894899
940.517	0.334071589
940.69	0.355601906
940.862	0.348425093
941.034	0.362778761
941.207	0.326894899
941.379	0.36995566
941.552	0.420195109
941.724	0.427372339
941.897	0.34124832
942.069	0.348425093
942.241	0.384309577
942.414	0.391486602
942.586	0.384309577
942.759	0.405840772
942.931	0.391486602
943.103	0.41301792
943.276	0.391486602
943.448	0.377132596
943.621	0.41301792
943.793	0.420195109
943.966	0.477614132
944.138	0.463259123
944.31	0.420195109
944.483	0.427372339
944.655	0.463259123
944.828	0.448904284
945	0.456081682
945.172	0.499146957
945.345	0.463259123
945.517	0.491969308
945.69	0.484791699
945.862	0.456081682
946.034	0.470436605
946.207	0.441726928
946.379	0.499146957
946.552	0.477614132
946.724	0.527857984
946.897	0.513502386
947.069	0.556569683
947.241	0.549391696
947.414	0.54221375
947.586	0.599638502
947.759	0.59246026
947.931	0.621173484
948.103	0.59246026
948.276	0.635530352
948.448	0.649887391
948.621	0.635530352
948.793	0.64270885
948.966	0.664244597
949.138	0.678601976
949.31	0.657065974
949.483	0.657065974
949.655	0.678601976
949.828	0.721675137
950	0.743212296
950.172	0.743212296
950.345	0.793467172
950.517	0.815005618
950.69	0.843724155
950.862	0.879623301
951.034	0.858083684
951.207	0.901163308
951.379	0.915523529
951.552	0.965785678
951.724	0.922703705
951.897	0.987327254
952.069	1.023230757
952.241	1.044773383
952.414	1.051954348
952.586	1.109403642
952.759	1.123766407
952.931	1.159674095
953.103	1.181219239
953.276	1.245857074
953.448	1.25303928
953.621	1.296133448
953.793	1.288950975
953.966	1.367960652
954.138	1.396692795
954.31	1.425425661
954.483	1.461342766
954.655	1.497261004
954.828	1.533180382
955	1.569100902
955.172	1.590653763
955.345	1.626576119
955.517	1.698424284
955.69	1.741535405
955.862	1.770277081
956.034	1.849320538
956.207	1.885251251
956.379	1.921183141
956.552	1.964302966
956.724	2.028985896
956.897	2.079297503
957.069	2.136799345
957.241	2.143987292
957.414	2.201492587
957.586	2.280567405
957.759	2.352458696
957.931	2.402785499
958.103	2.453114702
958.276	2.489065604
958.448	2.553780342
958.621	2.654455698
958.793	2.719180733
958.966	2.776717513
959.138	2.827064842
959.31	2.87022167
959.483	2.949347277
959.655	3.050061552
959.828	3.15078593
960	3.193956633
960.172	3.244324829
960.345	3.34506892
960.517	3.417035314
960.69	3.474612251
960.862	3.546588221
961.034	3.640165003
961.207	3.690556279
961.379	3.79854655
961.552	3.884947621
961.724	3.94975363
961.897	4.057773623
962.069	4.115389415
962.241	4.201819845
962.414	4.28825841
962.586	4.389113758
962.759	4.432340914
962.931	4.504390778
963.103	4.569240608
963.276	4.684540839
963.448	4.778233336
963.621	4.850311287
963.793	4.929603904
963.966	5.030532264
964.138	5.102631186
964.31	5.203579882
964.483	5.239635886
964.655	5.34060088
964.828	5.448791116
965	5.513711987
965.172	5.600281058
965.345	5.665213824
965.517	5.795094809
965.69	5.845609681
965.862	5.896127708
966.034	6.018827562
966.207	6.09823163
966.379	6.155985033
966.552	6.278725067
966.724	6.293166333
966.897	6.365376676
967.069	6.488149689
967.241	6.553155086
967.414	6.63261362
967.586	6.733754675
967.759	6.791555639
967.931	6.89994444
968.103	6.928850778
968.276	7.030031822
968.448	7.080627538
968.621	7.17460026
968.793	7.268585086
968.966	7.304736336
969.138	7.384275463
969.31	7.449359478
969.483	7.528914663
969.655	7.622945924
969.828	7.702520629
970	7.767633926
970.172	7.883405931
970.345	7.934062274
970.517	8.013672636
970.69	8.115008321
970.862	8.194639822
971.034	8.296002609
971.207	8.390138939
971.379	8.462560572
971.552	8.506017358
971.724	8.636404956
971.897	8.745081194
972.069	8.911753626
972.241	8.911753626
972.414	9.013227682
972.586	9.172719809
972.759	9.317747923
972.931	9.390274705
973.103	9.477318129
973.276	9.600650889
973.448	9.825616661
973.621	9.847392033
973.793	9.97806107
973.966	10.116021
974.138	10.2176966
974.31	10.38477402
974.483	10.56643548
974.655	10.69726804
974.828	10.78450681
975	10.95902575
975.172	11.22818548
975.345	11.33006491
975.517	11.45380198
975.69	11.56300595
975.862	11.78148279
976.034	12.02191505
976.207	12.17497713
976.379	12.41559874
976.552	12.43018566
976.724	12.54689678
976.897	12.6636361
977.069	12.78040388
977.241	12.99211892
977.414	13.02132849
977.586	13.14548967
977.759	13.29891139
977.931	13.19662455
978.103	13.33544796
978.276	13.37929571
978.448	13.32814041
978.621	13.29160443
978.793	13.16009905
978.966	13.0505399
979.138	12.88259926
979.31	12.86799856
979.483	12.58337477
979.655	12.5250113
979.828	12.22600827
980	11.9417583
980.172	11.81062004
980.345	11.75963094
980.517	11.4028479
980.69	11.28639991
980.862	11.04630612
981.034	10.88630278
981.207	10.65365378
981.379	10.61004293
981.552	10.29759712
981.724	10.15959408
981.897	9.934501514
982.069	9.840133488
982.241	9.716751727
982.414	9.520844483
982.586	9.426541297
982.759	9.412034403
982.931	9.288739593
983.103	9.078469582
983.276	8.933496705
983.448	8.810295695
983.621	8.795803014
983.793	8.600183575
983.966	8.426348766
984.138	8.332207319
984.31	8.180160669
984.483	8.143964147
984.655	7.905115337
984.828	7.724224387
985	7.594011897
985.172	7.579545329
985.345	7.348120224
985.517	7.167371163
985.69	7.095084097
985.862	6.928850778
986.034	6.813232146
986.207	6.66150969
986.379	6.63261362
986.552	6.495372239
986.724	6.329270667
986.897	6.170424043
987.069	6.177643648
987.241	5.975519585
987.414	5.845609681
987.586	5.730151732
987.759	5.737367374
987.931	5.578637941
988.103	5.456004297
988.276	5.383875298
988.448	5.290116875
988.621	5.268481796
988.793	5.203579882
988.966	5.081000874
989.138	4.972857474
989.31	5.016113205
989.483	4.922395186
989.655	4.785440864
989.828	4.698954421
990	4.655714378
990.172	4.569240608
990.345	4.569240608
990.517	4.562034838
990.69	4.453955268
990.862	4.367500953
991.034	4.281054884
991.207	4.237834921
991.379	4.144198659
991.552	4.209022746
991.724	4.180211478
991.897	4.072177234
992.069	4.000161404
992.241	3.935351908
992.414	3.920950409
992.586	3.870546894
992.759	3.834546037
992.931	3.791346817
993.103	3.719352486
993.276	3.65456224
993.448	3.611371178
993.621	3.57538011
993.793	3.568182058
993.966	3.496204481
994.138	3.445823357
994.31	3.467414947
994.483	3.388248122
994.655	3.316283842
994.828	3.26591198
995	3.215542688
995.172	3.179566191
995.345	3.222738144
995.517	3.165175956
995.69	3.093227902
995.862	3.078838911
996.034	3.035673183
996.207	2.927766955
996.379	2.90618709
996.552	2.863028737
996.724	2.827064842
996.897	2.827064842
997.069	2.776717513
997.241	2.819872214
997.414	2.697605271
997.586	2.625690313
997.759	2.589734706
997.931	2.589734706
998.103	2.582543735
998.276	2.532208319
998.448	2.467494916
998.621	2.424354862
998.793	2.417165026
998.966	2.381216577
999.138	2.366837537
999.31	2.388406169
999.483	2.330890797
999.655	2.338080049
999.828	2.187115972
1000	2.187115972
1000.17	2.143987292
1000.34	2.172739552
1000.52	2.172739552
1000.69	2.122423597
1000.86	2.06492252
1001.03	2.057735099
1001.21	2.021798715
1001.38	1.993050462
1001.55	1.949929502
1001.72	1.892437537
1001.9	1.834948579
1002.07	1.849320538
1002.24	1.878065015
1002.41	1.856506586
1002.59	1.813390992
1002.76	1.748720755
1002.93	1.705609356
1003.1	1.684054282
1003.28	1.626576119
1003.45	1.612207039
1003.62	1.648130084
1003.79	1.648130084
1003.97	1.633760727
1004.14	1.547548451
1004.31	1.518812492
1004.48	1.497261004
1004.66	1.475709923
1004.83	1.511628618
1005	1.504444787
1005.17	1.490077264
1005.34	1.353594851
1005.52	1.346412018
1005.69	1.267403825
1005.86	1.317681137
1006.03	1.339229232
1006.21	1.317681137
1006.38	1.25303928
1006.55	1.181219239
1006.72	1.138129348
1006.9	1.138129348
1007.07	1.166855764
1007.24	1.188401042
1007.41	1.174037479
1007.59	1.116585002
1007.76	1.008869224
1007.93	0.994507867
1008.1	1.008869224
1008.28	1.023230757
1008.45	1.030411586
1008.62	0.972966158
1008.79	0.951424846
1008.97	0.901163308
1009.14	0.872443384
1009.31	0.872443384
1009.48	0.872443384
1009.66	0.850903899
1009.83	0.836544458
1010	0.815005618
1010.17	0.800646611
1010.34	0.764749841
1010.52	0.750391435
1010.69	0.743212296
1010.86	0.750391435
1011.03	0.728854148
1011.21	0.685780729
1011.38	0.635530352
1011.55	0.664244597
1011.72	0.585282059
1011.9	0.664244597
1012.07	0.678601976
1012.24	0.664244597
1012.41	0.578103902
1012.59	0.513502386
1012.76	0.570925786
1012.93	0.535035845
1013.1	0.563747714
1013.28	0.570925786
1013.45	0.556569683
1013.62	0.499146957
1013.79	0.405840772
1013.97	0.506324651
1014.14	0.527857984
1014.31	0.499146957
1014.48	0.477614132
1014.66	0.441726928
1014.83	0.355601906
1015	0.420195109
1015.17	0.41301792
1015.34	0.484791699
1015.52	0.499146957
1015.69	0.448904284
1015.86	0.441726928
1016.03	0.456081682
1016.21	0.377132596
1016.38	0.319718252
1016.55	0.348425093
1016.72	0.291012075
1016.9	0.283835634
1017.07	0.30536508
1017.24	0.355601906
1017.41	0.269482878
1017.59	0.226425599
1017.76	0.348425093
1017.93	0.291012075
1018.1	0.291012075
1018.28	0.262306563
1018.45	0.212073503
1018.62	0.197721572
1018.79	0.233601708
1018.97	0.226425599
1019.14	0.190545667
1019.31	0.226425599
1019.48	0.312541644
1019.66	0.326894899
1019.83	0.291012075
1020	0.298188557
1020.17	0.183369804
1020.34	0.13313991
1020.52	0.183369804
1020.69	0.190545667
1020.86	0.233601708
1021.03	0.197721572
1021.21	0.176193982
1021.38	0.140315485
1021.55	0.125964372
1021.72	0.226425599
1021.9	0.13313991
1022.07	0.183369804
1022.24	0.183369804
1022.41	0.161842459
1022.59	0.197721572
1022.76	0.104438012
1022.93	0.204897517
1023.1	0.161842459
1023.28	0.161842459
1023.45	0.161842459
1023.62	0.161842459
1023.79	0.15466676
1023.97	0.147491102
1024.14	0.125964372
1024.31	0.13313991
1024.48	0.13313991
1024.66	0.125964372
1024.83	0.183369804
1025	0.104438012
1025.17	0.018336233
1025.34	0.061386392
1025.52	0.06856156
1025.69	0.118788879
1025.86	0.061386392
1026.03	0.061386392
1026.21	0.125964372
1026.38	0.104438012
1026.55	0.111613426
1026.72	0.082912019
1026.9	0.104438012
1027.07	0.104438012
1027.24	0.097262642
1027.41	0.082912019
1027.59	0.082912019
1027.76	0.082912019
1027.93	0.09008731
1028.1	0.09008731
1028.28	0.097262642
1028.45	0.054211262
1028.62	0.075736769
1028.79	0.111613426
1028.97	0.082912019
1029.14	0.075736769
1029.31	0.13313991
1029.48	0.054211262
1029.66	0.018336233
1029.83	0.061386392
1450	3.817707879
1450.2	3.845736768
1450.4	3.879370101
1450.6	3.90296
1450.8	3.949093939
1451	3.983507879
1451.2	4.032386667
1451.4	4.06518303
1451.6	4.097879798
1451.8	4.127732121
1452	4.151769495
1452.2	4.186400606
1452.4	4.221854141
1452.6	4.24065899
1452.8	4.291752727
1453	4.328458384
1453.2	4.358897172
1453.4	4.391694747
1453.6	4.433152323
1453.8	4.464298182
1454	4.49928
1454.2	4.529003838
1454.4	4.562389697
1454.6	4.602779596
1454.8	4.648820606
1455	4.690056162
1455.2	4.731448889
1455.4	4.774441212
1455.6	4.79935596
1455.8	4.840921212
1456	4.884547475
1456.2	4.91261596
1456.4	4.964343838
1456.6	4.995455758
1456.8	5.035305253
1457	5.069675152
1457.2	5.111978384
1457.4	5.145804444
1457.6	5.186323636
1457.8	5.220573535
1458	5.256482828
1458.2	5.297465657
1458.4	5.330208283
1458.6	5.376238182
1458.8	5.406585051
1459	5.437934141
1459.2	5.485494949
1459.4	5.523399192
1459.6	5.570833333
1459.8	5.610741212
1460	5.648682222
1460.2	5.689682626
1460.4	5.730629495
1460.6	5.769950707
1460.8	5.813042626
1461	5.858378788
1461.2	5.900209091
1461.4	5.940365051
1461.6	5.980135556
1461.8	6.016108485
1462	6.053778182
1462.2	6.102610909
1462.4	6.146156566
1462.6	6.197273535
1462.8	6.230274747
1463	6.270884848
1463.2	6.308979192
1463.4	6.348179394
1463.6	6.388018788
1463.8	6.43092202
1464	6.470226465
1464.2	6.512817172
1464.4	6.547872727
1464.6	6.589204444
1464.8	6.632125859
1465	6.671181212
1465.2	6.707416768
1465.4	6.746067273
1465.6	6.791952727
1465.8	6.832453939
1466	6.869047879
1466.2	6.910961616
1466.4	6.948325253
1466.6	6.986297778
1466.8	7.030746667
1467	7.06988202
1467.2	7.113587879
1467.4	7.154632323
1467.6	7.19438202
1467.8	7.234354747
1468	7.275859798
1468.2	7.314104242
1468.4	7.360242424
1468.6	7.396774949
1468.8	7.435413333
1469	7.475977576
1469.2	7.514741616
1469.4	7.551233131
1469.6	7.589710909
1469.8	7.634523434
1470	7.673927879
1470.2	7.713549495
1470.4	7.747794141
1470.6	7.782842424
1470.8	7.829807677
1471	7.857236768
1471.2	7.902896364
1471.4	7.940019192
1471.6	7.981049091
1471.8	8.012208283
1472	8.048923838
1472.2	8.087955152
1472.4	8.120472525
1472.6	8.159897374
1472.8	8.190094949
1473	8.228047273
1473.2	8.261182626
1473.4	8.293778788
1473.6	8.328519394
1473.8	8.370053131
1474	8.405756364
1474.2	8.441314141
1474.4	8.472660808
1474.6	8.503413737
1474.8	8.544101212
1475	8.57176303
1475.2	8.613023232
1475.4	8.646476364
1475.6	8.680952525
1475.8	8.712260808
1476	8.744834949
1476.2	8.776701818
1476.4	8.812144242
1476.6	8.847062424
1476.8	8.879131515
1477	8.906081818
1477.2	8.948014343
1477.4	8.977883636
1477.6	8.99926202
1477.8	9.034142828
1478	9.066347677
1478.2	9.097965455
1478.4	9.130165253
1478.6	9.158647475
1478.8	9.190969293
1479	9.216040808
1479.2	9.242831313
1479.4	9.26932303
1479.6	9.303063434
1479.8	9.327505657
1480	9.363556162
1480.2	9.386064646
1480.4	9.402245253
1480.6	9.433259798
1480.8	9.454844444
1481	9.485030101
1481.2	9.509575354
1481.4	9.531346869
1481.6	9.556533535
1481.8	9.581685859
1482	9.609468687
1482.2	9.634646465
1482.4	9.65893596
1482.6	9.681032727
1482.8	9.704993939
1483	9.728503838
1483.2	9.745304646
1483.4	9.771753737
1483.6	9.797986667
1483.8	9.818542626
1484	9.842869293
1484.2	9.864571313
1484.4	9.886830707
1484.6	9.906476566
1484.8	9.924674747
1485	9.953170909
1485.2	9.966816364
1485.4	9.979368283
1485.6	9.999796768
1485.8	10.01766788
1486	10.03714444
1486.2	10.06112202
1486.4	10.07996747
1486.6	10.08881879
1486.8	10.09706485
1487	10.11783253
1487.2	10.13567576
1487.4	10.15160162
1487.6	10.1674303
1487.8	10.18258283
1488	10.19613939
1488.2	10.21785515
1488.4	10.23366909
1488.6	10.24964646
1488.8	10.2650396
1489	10.27556566
1489.2	10.29015838
1489.4	10.30517879
1489.6	10.31817737
1489.8	10.32936667
1490	10.34318949
1490.2	10.35827455
1490.4	10.36994182
1490.6	10.38154242
1490.8	10.38995232
1491	10.3964499
1491.2	10.40418848
1491.4	10.41950141
1491.6	10.43366101
1491.8	10.44029091
1492	10.44966768
1492.2	10.46193859
1492.4	10.47228929
1492.6	10.48825556
1492.8	10.49446525
1493	10.50023717
1493.2	10.51169495
1493.4	10.52438889
1493.6	10.52707899
1493.8	10.53396949
1494	10.54175778
1494.2	10.55104909
1494.4	10.55649152
1494.6	10.55874141
1494.8	10.57472828
1495	10.58152828
1495.2	10.58916485
1495.4	10.59684343
1495.6	10.60811556
1495.8	10.61261374
1496	10.62206384
1496.2	10.62654727
1496.4	10.63418768
1496.6	10.63627677
1496.8	10.64253313
1497	10.64852889
1497.2	10.65512687
1497.4	10.66653293
1497.6	10.67044121
1497.8	10.68540909
1498	10.68723535
1498.2	10.69604081
1498.4	10.69924949
1498.6	10.71255273
1498.8	10.7128703
1499	10.71396404
1499.2	10.72564566
1499.4	10.72828525
1499.6	10.73758646
1499.8	10.74696101
1500	10.75277152
1500.2	10.76318182
1500.4	10.7702602
1500.6	10.78336323
1500.8	10.78867556
1501	10.79554949
1501.2	10.80518081
1501.4	10.80555152
1501.6	10.81727818
1501.8	10.82660949
1502	10.83202606
1502.2	10.84545273
1502.4	10.85386828
1502.6	10.86722687
1502.8	10.87734929
1503	10.88891313
1503.2	10.89936263
1503.4	10.90801414
1503.6	10.9157101
1503.8	10.92712404
1504	10.93796848
1504.2	10.95123354
1504.4	10.96502889
1504.6	10.97675616
1504.8	10.99769414
1505	11.01087576
1505.2	11.02584667
1505.4	11.03882263
1505.6	11.05466485
1505.8	11.06804323
1506	11.08394141
1506.2	11.10283212
1506.4	11.12539414
1506.6	11.14321596
1506.8	11.1607697
1507	11.1853398
1507.2	11.20146646
1507.4	11.22521253
1507.6	11.25169192
1507.8	11.27102263
1508	11.28616485
1508.2	11.31163798
1508.4	11.34068586
1508.6	11.36703232
1508.8	11.39472566
1509	11.42387535
1509.2	11.45258788
1509.4	11.4846103
1509.6	11.51632586
1509.8	11.54417192
1510	11.57709354
1510.2	11.60569455
1510.4	11.64059374
1510.6	11.67535899
1510.8	11.70736929
1511	11.74404909
1511.2	11.78227818
1511.4	11.82152101
1511.6	11.86319657
1511.8	11.89886162
1512	11.93937071
1512.2	11.97952404
1512.4	12.02216101
1512.6	12.05805939
1512.8	12.09962364
1513	12.14807778
1513.2	12.18886687
1513.4	12.23260606
1513.6	12.2777
1513.8	12.3310596
1514	12.37859374
1514.2	12.43002545
1514.4	12.48180848
1514.6	12.53430283
1514.8	12.58756626
1515	12.64655071
1515.2	12.70098141
1515.4	12.75627636
1515.6	12.81928283
1515.8	12.88041495
1516	12.94033434
1516.2	13.00338889
1516.4	13.07179919
1516.6	13.14149475
1516.8	13.2134301
1517	13.28631919
1517.2	13.36423596
1517.4	13.44579697
1517.6	13.52861071
1517.8	13.62293879
1518	13.71106626
1518.2	13.80057535
1518.4	13.89784889
1518.6	14.00440323
1518.8	14.10643111
1519	14.22172566
1519.2	14.33603111
1519.4	14.45227091
1519.6	14.57572444
1519.8	14.69874949
1520	14.83125232
1520.2	14.97013354
1520.4	15.10985838
1520.6	15.25526828
1520.8	15.4002701
1521	15.55468121
1521.2	15.71195636
1521.4	15.87811414
1521.6	16.03939333
1521.8	16.20638242
1522	16.37187313
1522.2	16.54547616
1522.4	16.72189051
1522.6	16.89736747
1522.8	17.0770903
1523	17.25554444
1523.2	17.43150808
1523.4	17.61223576
1523.6	17.79091434
1523.8	17.96363798
1524	18.15027192
1524.2	18.32508283
1524.4	18.49167354
1524.6	18.66138848
1524.8	18.82425859
1525	18.97423596
1525.2	19.13488545
1525.4	19.28164505
1525.6	19.42474586
1525.8	19.56299394
1526	19.68945091
1526.2	19.80938202
1526.4	19.92094323
1526.6	20.02580242
1526.8	20.12563515
1527	20.2134501
1527.2	20.28672444
1527.4	20.35698949
1527.6	20.41747818
1527.8	20.46769899
1528	20.51212889
1528.2	20.54422222
1528.4	20.55689515
1528.6	20.56857616
1528.8	20.56869919
1529	20.56447717
1529.2	20.54831152
1529.4	20.51500364
1529.6	20.47652323
1529.8	20.43121495
1530	20.36714323
1530.2	20.29734101
1530.4	20.2193802
1530.6	20.12772768
1530.8	20.03019293
1531	19.91508788
1531.2	19.79899636
1531.4	19.66117919
1531.6	19.52186889
1531.8	19.36930626
1532	19.20406687
1532.2	19.03920929
1532.4	18.85505535
1532.6	18.66057879
1532.8	18.46748424
1533	18.26019071
1533.2	18.04716909
1533.4	17.83092343
1533.6	17.60006465
1533.8	17.37089455
1534	17.14286727
1534.2	16.90052283
1534.4	16.66183152
1534.6	16.42776525
1534.8	16.18846404
1535	15.95756505
1535.2	15.72455253
1535.4	15.50255616
1535.6	15.28315838
1535.8	15.06671374
1536	14.8649396
1536.2	14.67058747
1536.4	14.47622949
1536.6	14.30048242
1536.8	14.13647434
1537	13.97014646
1537.2	13.82080121
1537.4	13.6814004
1537.6	13.54970687
1537.8	13.43292646
1538	13.32102788
1538.2	13.21124707
1538.4	13.11811657
1538.6	13.02841515
1538.8	12.94626929
1539	12.87088283
1539.2	12.79787475
1539.4	12.73062929
1539.6	12.66876162
1539.8	12.61181253
1540	12.55779798
1540.2	12.50113414
1540.4	12.45231232
1540.6	12.40739475
1540.8	12.35816303
1541	12.30956485
1541.2	12.26470707
1541.4	12.21654707
1541.6	12.17489919
1541.8	12.13034465
1542	12.08012808
1542.2	12.03373899
1542.4	11.98544424
1542.6	11.93402424
1542.8	11.88465879
1543	11.83252121
1543.2	11.77773697
1543.4	11.72209091
1543.6	11.66893152
1543.8	11.60914141
1544	11.55253313
1544.2	11.49458545
1544.4	11.43367434
1544.6	11.37627232
1544.8	11.31204566
1545	11.24909051
1545.2	11.18620929
1545.4	11.12281313
1545.6	11.05981091
1545.8	10.99725293
1546	10.93026747
1546.2	10.86760626
1546.4	10.80052667
1546.6	10.73951293
1546.8	10.67804141
1547	10.61155414
1547.2	10.54780343
1547.4	10.48667111
1547.6	10.42265596
1547.8	10.36112848
1548	10.29872747
1548.2	10.23758141
1548.4	10.1785901
1548.6	10.11934182
1548.8	10.06206222
1549	10.00141374
1549.2	9.942241616
1549.4	9.887254747
1549.6	9.835105253
1549.8	9.779084444
1550	9.725259394
1550.2	9.669596768
1550.4	9.61828202
1550.6	9.567779394
1550.8	9.518453939
1551	9.468038586
1551.2	9.418612323
1551.4	9.368146869
1551.6	9.320908485
1551.8	9.276842424
1552	9.229013939
1552.2	9.18492
1552.4	9.139703434
1552.6	9.094722424
1552.8	9.050971313
1553	9.009326667
1553.2	8.964220404
1553.4	8.922032121
1553.6	8.883657172
1553.8	8.840462424
1554	8.799184444
1554.2	8.756559394
1554.4	8.714047677
1554.6	8.674666465
1554.8	8.634674545
1555	8.593968687
1555.2	8.551171515
1555.4	8.508572121
1555.6	8.468305455
1555.8	8.428426061
1556	8.386203636
1556.2	8.343392121
1556.4	8.297935354
1556.6	8.253519798
1556.8	8.211354343
1557	8.165704646
1557.2	8.120874545
1557.4	8.077291515
1557.6	8.026496566
1557.8	7.982493939
1558	7.935011313
1558.2	7.883287677
1558.4	7.834971919
1558.6	7.78505798
1558.8	7.734952727
1559	7.683375758
1559.2	7.62925899
1559.4	7.576485253
1559.6	7.527353737
1559.8	7.472446869
1560	7.416577374
1560.2	7.358893737
1560.4	7.299714141
1560.6	7.244548889
1560.8	7.18714101
1561	7.133945253
1561.2	7.073993535
1561.4	7.013026667
1561.6	6.954779596
1561.8	6.896891515
1562	6.835012727
1562.2	6.775079798
1562.4	6.714799596
1562.6	6.650909899
1562.8	6.594065657
1563	6.530751515
1563.2	6.47073596
1563.4	6.410641212
1563.6	6.349626263
1563.8	6.287427071
1564	6.226747677
1564.2	6.163777374
1564.4	6.100136566
1564.6	6.041992727
1564.8	5.982448283
1565	5.920395354
1565.2	5.859283232
1565.4	5.797568889
1565.6	5.740085455
1565.8	5.678006869
1566	5.623051313
1566.2	5.56071697
1566.4	5.499067879
1566.6	5.439393939
1566.8	5.386127071
1567	5.326763434
1567.2	5.271703636
1567.4	5.213140202
1567.6	5.154274545
1567.8	5.100566465
1568	5.04438
1568.2	4.987270707
1568.4	4.936042626
1568.6	4.876416364
1568.8	4.823912323
1569	4.772559596
1569.2	4.718128485
1569.4	4.667002626
1569.6	4.615433131
1569.8	4.563290101
1570	4.51683697
1570.2	4.467142222
1570.4	4.418916162
1570.6	4.362885253
1570.8	4.317567677
1571	4.27093899
1571.2	4.226970303
1571.4	4.181678586
1571.6	4.134212525
1571.8	4.088371313
1572	4.043867273
1572.2	4.004812323
1572.4	3.961222222
1572.6	3.921049697
1572.8	3.876495556
1573	3.83167798
1573.2	3.795509495
1573.4	3.759504646
1573.6	3.719275354
1573.8	3.682130303
1574	3.642153333
1574.2	3.60546101
1574.4	3.570212525
1574.6	3.535987273
1574.8	3.501748485
1575	3.465787677
1575.2	3.434726667
1575.4	3.400189293
1575.6	3.366527879
1575.8	3.336334949
1576	3.304790909
1576.2	3.275264444
1576.4	3.247513333
1576.6	3.217468283
1576.8	3.186614949
1577	3.158212525
1577.2	3.13175596
1577.4	3.105869495
1577.6	3.081564646
1577.8	3.054637172
1578	3.027665455
1578.2	3.002950101
1578.4	2.978722424
1578.6	2.955894747
1578.8	2.936212525
1579	2.912480606
1579.2	2.887629091
1579.4	2.866249293
1579.6	2.844650505
1579.8	2.823768283
1580	2.805461818
1580.2	2.784773131
1580.4	2.764771111
1580.6	2.742085253
1580.8	2.725692929
1581	2.70805697
1581.2	2.691087879
1581.4	2.673298182
1581.6	2.655425051
1581.8	2.637806465
1582	2.620777778
1582.2	2.604109899
1582.4	2.590212323
1582.6	2.575267475
1582.8	2.558383232
1583	2.540980606
1583.2	2.527225657
1583.4	2.512170909
1583.6	2.498589293
1583.8	2.487829293
1584	2.472414141
1584.2	2.457923636
1584.4	2.445490707
1584.6	2.432842828
1584.8	2.417912323
1585	2.410055758
1585.2	2.394974545
1585.4	2.382126061
1585.6	2.370845455
1585.8	2.356021212
1586	2.346537172
1586.2	2.338385657
1586.4	2.326853535
1586.6	2.310614343
1586.8	2.302752727
1587	2.290672727
1587.2	2.27847596
1587.4	2.272777778
1587.6	2.261152727
1587.8	2.247044848
1588	2.237603636
1588.2	2.227871111
1588.4	2.218050303
1588.6	2.209994141
1588.8	2.200961616
1589	2.189863434
1589.2	2.178278182
1589.4	2.170493939
1589.6	2.160381616
1589.8	2.154902828
1590	2.145232121
1590.2	2.13196
1590.4	2.127194343
1590.6	2.115865657
1590.8	2.108978586
1591	2.098968081
1591.2	2.093124646
1591.4	2.082126465
1591.6	2.072079192
1591.8	2.064634747
1592	2.059459596
1592.2	2.05036202
1592.4	2.041773333
1592.6	2.027817172
1592.8	2.023688081
1593	2.018230303
1593.2	2.006697778
1593.4	2.001148889
1593.6	1.991929697
1593.8	1.983827879
1594	1.976248889
1594.2	1.968907677
1594.4	1.963568889
1594.6	1.956370909
1594.8	1.947516768
1595	1.938090909
1595.2	1.931937576
1595.4	1.928314141
1595.6	1.919443838
1595.8	1.909638182
1596	1.905153737
1596.2	1.898842222
1596.4	1.889778788
1596.6	1.885064646
1596.8	1.878000606
1597	1.86952101
1597.2	1.863806465
1597.4	1.85698
1597.6	1.84816303
1597.8	1.847420808
1598	1.838088687
1598.2	1.831526869
1598.4	1.826906465
1598.6	1.81608303
1598.8	1.809906667
1599	1.807069899
1599.2	1.796947071
1599.4	1.79332404
1599.6	1.788442222
1599.8	1.780274545
1600	1.778861414
1600.2	1.774706869
1600.4	1.764093737
1600.6	1.756007475
1600.8	1.752922626
1601	1.745177778
1601.2	1.740099394
1601.4	1.73539697
1601.6	1.727965859
1601.8	1.725383636
1602	1.723048485
1602.2	1.713079596
1602.4	1.708870707
1602.6	1.704746667
1602.8	1.693529293
1603	1.690112323
1603.2	1.68609697
1603.4	1.67816202
1603.6	1.675404444
1603.8	1.673013939
1604	1.662198182
1604.2	1.657105051
1604.4	1.656149293
1604.6	1.649552727
1604.8	1.64241697
1605	1.636986465
1605.2	1.633920606
1605.4	1.628623232
1605.6	1.623672323
1605.8	1.617294343
1606	1.614145455
1606.2	1.609249293
1606.4	1.603549697
1606.6	1.597531515
1606.8	1.597089091
1607	1.588672929
1607.2	1.585826465
1607.4	1.578787677
1607.6	1.573116768
1607.8	1.571209899
1608	1.567653131
1608.2	1.564340606
1608.4	1.557938586
1608.6	1.551992525
1608.8	1.542100606
1609	1.545162828
1609.2	1.541825657
1609.4	1.534845657
1609.6	1.526745657
1609.8	1.526078384
1610	1.52103697
1610.2	1.514586061
1610.4	1.515273535
1610.6	1.50674202
1610.8	1.502361818
1611	1.501986667
1611.2	1.494045455
1611.4	1.487177172
1611.6	1.490673131
1611.8	1.487496364
1612	1.476535758
1612.2	1.472312929
1612.4	1.47023697
1612.6	1.466439192
1612.8	1.46357596
1613	1.458258788
1613.2	1.454451717
1613.4	1.451513939
1613.6	1.445493333
1613.8	1.438141818
1614	1.441557374
1614.2	1.436819798
1614.4	1.431203838
1614.6	1.430257576
1614.8	1.428518182
1615	1.420311717
1615.2	1.418964646
1615.4	1.42142
1615.6	1.411504242
1615.8	1.407338586
1616	1.401266869
1616.2	1.402980808
1616.4	1.398788687
1616.6	1.395806667
1616.8	1.393170909
1617	1.386687677
1617.2	1.384773535
1617.4	1.384340606
1617.6	1.378851111
1617.8	1.374062424
1618	1.371726263
1618.2	1.369112727
1618.4	1.361327677
1618.6	1.359654141
1618.8	1.364594343
1619	1.354322222
1619.2	1.348744646
1619.4	1.348492727
1619.6	1.345559596
1619.8	1.342074747
1620	1.339996162
1620.2	1.335546869
1620.4	1.330905455
1620.6	1.329592121
1620.8	1.32563697
1621	1.317261818
1621.2	1.320329091
1621.4	1.322885051
1621.6	1.313098384
1621.8	1.309810505
1622	1.309159394
1622.2	1.305683636
1622.4	1.303611717
1622.6	1.297698182
1622.8	1.303229899
1623	1.298858586
1623.2	1.289074545
1623.4	1.288512121
1623.6	1.285631313
1623.8	1.281990505
1624	1.281450505
1624.2	1.277520808
1624.4	1.273496364
1624.6	1.272481818
1624.8	1.27101697
1625	1.270753131
1625.2	1.268681818
1625.4	1.259016768
1625.6	1.257113535
1625.8	1.258746667
1626	1.256149091
1626.2	1.247402222
1626.4	1.242812727
1626.6	1.252931111
1626.8	1.248163838
1627	1.239894949
1627.2	1.236838788
1627.4	1.238180606
1627.6	1.240948485
1627.8	1.234161616
1628	1.231372323
1628.2	1.23047899
1628.4	1.228149091
1628.6	1.225367475
1628.8	1.225944444
1629	1.219438586
1629.2	1.212357778
1629.4	1.213713131
1629.6	1.21299798
1629.8	1.214080808
1630	1.212778788
1630.2	1.204624444
1630.4	1.204905455
1630.6	1.207564444
1630.8	1.203182828
1631	1.199145455
1631.2	1.199821616
1631.4	1.195330505
1631.6	1.185583838
1631.8	1.189172929
1632	1.193728889
1632.2	1.189194747
1632.4	1.189118788
1632.6	1.176878788
1632.8	1.178733939
1633	1.180735758
1633.2	1.174765455
1633.4	1.179569495
1633.6	1.177684646
1633.8	1.174613737
1634	1.16407697
1634.2	1.165511919
1634.4	1.158570707
1634.6	1.160014747
1634.8	1.163553131
1635	1.159843232
1635.2	1.154810505
1635.4	1.155250505
1635.6	1.150125859
1635.8	1.143305859
1636	1.147806263
1636.2	1.149167677
1636.4	1.142718788
1636.6	1.158885051
1636.8	1.140926465
1637	1.138629899
1637.2	1.143543434
1637.4	1.134575758
1637.6	1.139945051
1637.8	1.130423838
1638	1.136241414
1638.2	1.134095354
1638.4	1.130789091
1638.6	1.127744242
1638.8	1.129791717
1639	1.132324848
1639.2	1.127124646
1639.4	1.124823232
1639.6	1.116154343
1639.8	1.123982222
1640	1.121704848
1640.2	1.119116162
1640.4	1.11354202
1640.6	1.121123636
1640.8	1.112698586
1641	1.11079697
1641.2	1.108639192
1641.4	1.10698101
1641.6	1.106787677
1641.8	1.108637172
1642	1.113715556
1642.2	1.115809495
1642.4	1.117024444
1642.6	1.10589596
1642.8	1.102630303
1643	1.087082222
1643.2	1.089600606
1643.4	1.091534545
1643.6	1.098285859
1643.8	1.103863434
1644	1.097353939
1644.2	1.103501616
1644.4	1.098840202
1644.6	1.092498788
1644.8	1.093010707
1645	1.089727677
1645.2	1.085493131
1645.4	1.084604444
1645.6	1.079527071
1645.8	1.084266869
1646	1.089346869
1646.2	1.099288687
1646.4	1.08829596
1646.6	1.087357576
1646.8	1.074108081
1647	1.07644303
1647.2	1.068330707
1647.4	1.070600808
1647.6	1.074151313
1647.8	1.074891111
1648	1.076335152
1648.2	1.075202424
1648.4	1.082106061
1648.6	1.081171111
1648.8	1.0734
1649	1.071038788
1649.2	1.069306263
1649.4	1.070609091
1649.6	1.062568081
1649.8	1.065386869
1650	1.067704242
