930,0.0
930.172,0.0
930.345,0.0
930.517,0.0
930.69,0.0
930.862,0.0
931.034,0.0
931.207,0.0
931.379,0.0
931.552,0.0
931.724,0.0
931.897,0.0
932.069,0.0
932.241,0.0
932.414,0.0
932.586,0.0
932.759,0.0
932.931,0.0
933.103,0.0
933.276,0.0
933.448,0.0
933.621,0.0
933.793,0.0
933.966,0.0
934.138,0.0
934.31,0.0
934.483,0.0
934.655,0.0
934.828,0.0
935,0.0
935.172,0.0
935.345,0.0
935.517,0.0
935.69,0.0
935.862,0.0
936.034,0.0
936.207,0.0
936.379,0.0
936.552,0.0
936.724,0.0
936.897,0.0
937.069,0.0
937.241,0.0
937.414,0.0
937.586,0.0
937.759,0.0
937.931,0.0
938.103,0.0
938.276,0.0
938.448,0.0
938.621,0.0
938.793,0.0
938.966,0.0
939.138,0.0
939.31,0.0
939.483,0.0
939.655,0.0
939.828,0.0
940,0.0
940.172,0.0
940.345,0.0
940.517,0.0
940.69,0.0
940.862,0.0
941.034,0.0
941.207,0.0
941.379,0.0
941.552,0.0
941.724,0.0
941.897,0.0
942.069,0.0
942.241,0.0
942.414,0.0
942.586,0.0
942.759,0.0
942.931,0.0
943.103,0.0
943.276,0.0
943.448,0.0
943.621,0.0
943.793,0.0
943.966,0.0
944.138,0.0
944.31,0.0
944.483,0.0
944.655,0.0
944.828,0.0
945,0.0
945.172,0.0
945.345,0.0
945.517,0.0
945.69,0.0
945.862,0.0
946.034,0.0
946.207,0.0
946.379,0.0
946.552,0.0
946.724,0.0
946.897,0.0
947.069,0.0
947.241,0.0
947.414,0.0
947.586,0.0
947.759,0.0
947.931,0.0
948.103,0.0
948.276,0.0
948.448,0.0
948.621,0.0
948.793,0.0
948.966,0.0
949.138,0.0
949.31,0.0
949.483,0.0
949.655,0.0
949.828,0.0
950,0.0
950.172,0.0
950.345,0.0
950.517,0.0
950.69,0.0
950.862,0.0
951.034,0.0
951.207,0.0
951.379,0.0
951.552,0.0
951.724,0.0
951.897,0.0
952.069,0.0
952.241,0.0
952.414,0.0
952.586,0.0
952.759,0.0
952.931,0.0
953.103,0.0
953.276,0.0
953.448,0.0
953.621,0.0
953.793,0.0
953.966,0.0
954.138,0.0
954.31,0.0
954.483,0.0
954.655,0.0
954.828,0.0
955,0.0
955.172,0.0
955.345,0.0
955.517,0.0
955.69,0.0
955.862,0.0
956.034,0.0
956.207,0.0
956.379,0.0
956.552,0.0
956.724,0.0
956.897,0.0
957.069,0.0
957.241,0.0
957.414,0.0
957.586,0.0
957.759,0.0
957.931,0.0
958.103,0.0
958.276,0.0
958.448,0.0
958.621,0.0
958.793,0.0
958.966,0.0
959.138,0.0
959.31,0.0
959.483,0.0
959.655,0.0
959.828,0.0
960,0.0
960.172,0.0
960.345,0.0
960.517,0.0
960.69,0.0
960.862,0.0
961.034,0.0
961.207,0.0
961.379,0.0
961.552,0.0
961.724,0.0
961.897,0.0
962.069,0.0
962.241,0.0
962.414,0.0
962.586,0.0
962.759,0.0
962.931,0.0
963.103,0.0
963.276,0.0
963.448,0.0
963.621,0.0
963.793,0.0
963.966,0.0
964.138,0.0
964.31,0.0
964.483,0.0
964.655,0.0
964.828,0.0
965,0.0
965.172,0.0
965.345,0.0
965.517,0.0
965.69,0.0
965.862,0.0
966.034,0.0
966.207,0.0
966.379,0.0
966.552,0.0
966.724,0.0
966.897,0.0
967.069,0.0
967.241,0.0
967.414,0.0
967.586,0.0
967.759,0.0
967.931,0.0
968.103,0.0
968.276,0.0
968.448,0.0
968.621,0.0
968.793,0.0
968.966,0.0
969.138,0.0
969.31,0.0
969.483,0.0
969.655,0.0
969.828,0.0
970,0.0
970.172,0.0
970.345,0.0
970.517,0.0
970.69,0.0
970.862,0.0
971.034,0.0
971.207,0.0
971.379,0.0
971.552,0.0
971.724,0.0
971.897,0.0
972.069,0.0
972.241,0.0
972.414,0.0
972.586,0.0
972.759,0.0
972.931,0.0
973.103,0.0
973.276,0.0
973.448,0.0
973.621,0.0
973.793,0.0
973.966,0.0
974.138,0.0
974.31,0.0
974.483,0.0
974.655,0.0
974.828,0.0
975,0.0
975.172,0.0
975.345,0.0
975.517,0.0
975.69,0.0
975.862,0.0
976.034,0.0
976.207,0.0
976.379,0.0
976.552,0.0
976.724,0.0
976.897,0.0
977.069,0.0
977.241,0.0
977.414,0.0
977.586,0.0
977.759,0.0
977.931,0.0
978.103,0.0
978.276,0.0
978.448,0.0
978.621,0.0
978.793,0.0
978.966,0.0
979.138,0.0
979.31,0.0
979.483,0.0
979.655,0.0
979.828,0.0
980,0.0
980.172,0.0
980.345,0.0
980.517,0.0
980.69,0.0
980.862,0.0
981.034,0.0
981.207,0.0
981.379,0.0
981.552,0.0
981.724,0.0
981.897,0.0
982.069,0.0
982.241,0.0
982.414,0.0
982.586,0.0
982.759,0.0
982.931,0.0
983.103,0.0
983.276,0.0
983.448,0.0
983.621,0.0
983.793,0.0
983.966,0.0
984.138,0.0
984.31,0.0
984.483,0.0
984.655,0.0
984.828,0.0
985,0.0
985.172,0.0
985.345,0.0
985.517,0.0
985.69,0.0
985.862,0.0
986.034,0.0
986.207,0.0
986.379,0.0
986.552,0.0
986.724,0.0
986.897,0.0
987.069,0.0
987.241,0.0
987.414,0.0
987.586,0.0
987.759,0.0
987.931,0.0
988.103,0.0
988.276,0.0
988.448,0.0
988.621,0.0
988.793,0.0
988.966,0.0
989.138,0.0
989.31,0.0
989.483,0.0
989.655,0.0
989.828,0.0
990,0.0
990.172,0.0
990.345,0.0
990.517,0.0
990.69,0.0
990.862,0.0
991.034,0.0
991.207,0.0
991.379,0.0
991.552,0.0
991.724,0.0
991.897,0.0
992.069,0.0
992.241,0.0
992.414,0.0
992.586,0.0
992.759,0.0
992.931,0.0
993.103,0.0
993.276,0.0
993.448,0.0
993.621,0.0
993.793,0.0
993.966,0.0
994.138,0.0
994.31,0.0
994.483,0.0
994.655,0.0
994.828,0.0
995,0.0
995.172,0.0
995.345,0.0
995.517,0.0
995.69,0.0
995.862,0.0
996.034,0.0
996.207,0.0
996.379,0.0
996.552,0.0
996.724,0.0
996.897,0.0
997.069,0.0
997.241,0.0
997.414,0.0
997.586,0.0
997.759,0.0
997.931,0.0
998.103,0.0
998.276,0.0
998.448,0.0
998.621,0.0
998.793,0.0
998.966,0.0
999.138,0.0
999.31,0.0
999.483,0.0
999.655,0.0
999.828,0.0
1000,0.0
1000.17,0.0
1000.34,0.0
1000.52,0.0
1000.69,0.0
1000.86,0.0
1001.03,0.0
1001.21,0.0
1001.38,0.0
1001.55,0.0
1001.72,0.0
1001.9,0.0
1002.07,0.0
1002.24,0.0
1002.41,0.0
1002.59,0.0
1002.76,0.0
1002.93,0.0
1003.1,0.0
1003.28,0.0
1003.45,0.0
1003.62,0.0
1003.79,0.0
1003.97,0.0
1004.14,0.0
1004.31,0.0
1004.48,0.0
1004.66,0.0
1004.83,0.0
1005,0.0
1005.17,0.0
1005.34,0.0
1005.52,0.0
1005.69,0.0
1005.86,0.0
1006.03,0.0
1006.21,0.0
1006.38,0.0
1006.55,0.0
1006.72,0.0
1006.9,0.0
1007.07,0.0
1007.24,0.0
1007.41,0.0
1007.59,0.0
1007.76,0.0
1007.93,0.0
1008.1,0.0
1008.28,0.0
1008.45,0.0
1008.62,0.0
1008.79,0.0
1008.97,0.0
1009.14,0.0
1009.31,0.0
1009.48,0.0
1009.66,0.0
1009.83,0.0
1010,0.0
1010.17,0.0
1010.34,0.0
1010.52,0.0
1010.69,0.0
1010.86,0.0
1011.03,0.0
1011.21,0.0
1011.38,0.0
1011.55,0.0
1011.72,0.0
1011.9,0.0
1012.07,0.0
1012.24,0.0
1012.41,0.0
1012.59,0.0
1012.76,0.0
1012.93,0.0
1013.1,0.0
1013.28,0.0
1013.45,0.0
1013.62,0.0
1013.79,0.0
1013.97,0.0
1014.14,0.0
1014.31,0.0
1014.48,0.0
1014.66,0.0
1014.83,0.0
1015,0.0
1015.17,0.0
1015.34,0.0
1015.52,0.0
1015.69,0.0
1015.86,0.0
1016.03,0.0
1016.21,0.0
1016.38,0.0
1016.55,0.0
1016.72,0.0
1016.9,0.0
1017.07,0.0
1017.24,0.0
1017.41,0.0
1017.59,0.0
1017.76,0.0
1017.93,0.0
1018.1,0.0
1018.28,0.0
1018.45,0.0
1018.62,0.0
1018.79,0.0
1018.97,0.0
1019.14,0.0
1019.31,0.0
1019.48,0.0
1019.66,0.0
1019.83,0.0
1020,0.0
1020.17,0.0
1020.34,0.0
1020.52,0.0
1020.69,0.0
1020.86,0.0
1021.03,0.0
1021.21,0.0
1021.38,0.0
1021.55,0.0
1021.72,0.0
1021.9,0.0
1022.07,0.0
1022.24,0.0
1022.41,0.0
1022.59,0.0
1022.76,0.0
1022.93,0.0
1023.1,0.0
1023.28,0.0
1023.45,0.0
1023.62,0.0
1023.79,0.0
1023.97,0.0
1024.14,0.0
1024.31,0.0
1024.48,0.0
1024.66,0.0
1024.83,0.0
1025,0.0
1025.17,0.0
1025.34,0.0
1025.52,0.0
1025.69,0.0
1025.86,0.0
1026.03,0.0
1026.21,0.0
1026.38,0.0
1026.55,0.0
1026.72,0.0
1026.9,0.0
1027.07,0.0
1027.24,0.0
1027.41,0.0
1027.59,0.0
1027.76,0.0
1027.93,0.0
1028.1,0.0
1028.28,0.0
1028.45,0.0
1028.62,0.0
1028.79,0.0
1028.97,0.0
1029.14,0.0
1029.31,0.0
1029.48,0.0
1029.66,0.0
1029.83,0.0
1450,0.150369957069117
1450.2,0.184239546822
1450.4,0.170427063142344
1450.6,0.173230357359816
1450.8,0.18097480764421
1451,0.186972007985113
1451.2,0.193593112094162
1451.4,0.189330320424254
1451.6,0.1876005041418
1451.8,0.195617363592702
1452,0.188859720791976
1452.2,0.19990695303571
1452.4,0.203165078868216
1452.6,0.192892119234276
1452.8,0.192089258767199
1453,0.207654198734215
1453.2,0.201786390767778
1453.4,0.210061419043381
1453.6,0.202901145430346
1453.8,0.21714139025552
1454,0.216097334773434
1454.2,0.204880938798227
1454.4,0.206197268770365
1454.6,0.201675210161937
1454.8,0.215762230950302
1455,0.212322223374651
1455.2,0.211619953370418
1455.4,0.219808930022641
1455.6,0.221823394724515
1455.8,0.222005157106613
1456,0.226511781167306
1456.2,0.237871704375749
1456.4,0.232019858591186
1456.6,0.239752117818671
1456.8,0.228568010027435
1457,0.238821535335524
1457.2,0.259562007773324
1457.4,0.240544214315203
1457.6,0.253113834039798
1457.8,0.245282920126963
1458,0.254393251244133
1458.2,0.25556105836319
1458.4,0.255635502234579
1458.6,0.248630806818924
1458.8,0.265339525852931
1459,0.265010543472148
1459.2,0.272415008575274
1459.4,0.269891364147924
1459.6,0.26906493415969
1459.8,0.277732006367132
1460,0.269568249178268
1460.2,0.28174735804578
1460.4,0.285217004003092
1460.6,0.285355710997465
1460.8,0.293718477670727
1461,0.292512447982265
1461.2,0.296885386943978
1461.4,0.297920080682918
1461.6,0.297581051862849
1461.8,0.309613143750241
1462,0.316330861937121
1462.2,0.309249376618465
1462.4,0.304128411661341
1462.6,0.314521290395198
1462.8,0.316314426185146
1463,0.326967464031004
1463.2,0.325399006353687
1463.4,0.328495358140329
1463.6,0.335288341111935
1463.8,0.339106266469259
1464,0.33047540447999
1464.2,0.347444987085453
1464.4,0.346941360839947
1464.6,0.350192915436477
1464.8,0.3592240038855
1465,0.358289855023828
1465.2,0.368888035087764
1465.4,0.361110756933984
1465.6,0.370879843731242
1465.8,0.373699889826428
1466,0.37335370359162
1466.2,0.386791631873186
1466.4,0.390831691227953
1466.6,0.392849999584203
1466.8,0.396674945911717
1467,0.399072473473698
1467.2,0.39641062760589
1467.4,0.399187045389982
1467.6,0.409294670625536
1467.8,0.413348367865905
1468,0.421777741131509
1468.2,0.421577816590036
1468.4,0.426624040234272
1468.6,0.426776978012953
1468.8,0.43287195122774
1469,0.437466833291116
1469.2,0.44454750106925
1469.4,0.446720036152343
1469.6,0.449644945044732
1469.8,0.449697925735416
1470,0.459848755061906
1470.2,0.46406251233028
1470.4,0.47836932667429
1470.6,0.469771357707638
1470.8,0.479075099755459
1471,0.484044474480833
1471.2,0.485669676535271
1471.4,0.493859154568577
1471.6,0.491021470951461
1471.8,0.504793568261201
1472,0.507488040513962
1472.2,0.512543756267133
1472.4,0.512142831767113
1472.6,0.521168110547966
1472.8,0.522672821448732
1473,0.527585919287169
1473.2,0.536462006557981
1473.4,0.535981021423671
1473.6,0.543675993464599
1473.8,0.546704559197536
1474,0.554377848972745
1474.2,0.556280399973558
1474.4,0.565595373922747
1474.6,0.572385099093163
1474.8,0.570174834423568
1475,0.57866461503986
1475.2,0.586904590111434
1475.4,0.587714358984714
1475.6,0.595015057478505
1475.8,0.599938458878093
1476,0.603729428992962
1476.2,0.608644039715923
1476.4,0.612474944566424
1476.6,0.620114573407852
1476.8,0.62621673097377
1477,0.630393635348594
1477.2,0.637001142427454
1477.4,0.642753594931132
1477.6,0.647189424135862
1477.8,0.653563453012204
1478,0.659260504763571
1478.2,0.664307361431035
1478.4,0.668516184558422
1478.6,0.675801480519448
1478.8,0.682853222948507
1479,0.687497368150165
1479.2,0.693429595213182
1479.4,0.699250333983475
1479.6,0.706744963832651
1479.8,0.713944713083578
1480,0.716094480294707
1480.2,0.724079465050287
1480.4,0.729277957637406
1480.6,0.732189772467159
1480.8,0.741911733231809
1481,0.749888965485903
1481.2,0.751119913272763
1481.4,0.760125374443628
1481.6,0.765422144975275
1481.8,0.772671738130261
1482,0.777390095492617
1482.2,0.78215499999748
1482.4,0.789032198203904
1482.6,0.794636990082102
1482.8,0.800984917400885
1483,0.807802763387713
1483.2,0.815946240882147
1483.4,0.818104000247782
1483.6,0.826970354578234
1483.8,0.832093137002201
1484,0.841038362496975
1484.2,0.846543053805086
1484.4,0.853745641809508
1484.6,0.860403512318296
1484.8,0.864113787144913
1485,0.872748341751665
1485.2,0.878226442167003
1485.4,0.88316196716392
1485.6,0.891169631137478
1485.8,0.894406769106275
1486,0.903286216808321
1486.2,0.907725226399257
1486.4,0.915183047386143
1486.6,0.922649643654307
1486.8,0.929328593715681
1487,0.937396215867607
1487.2,0.941017357535099
1487.4,0.948448045010366
1487.6,0.951600363225659
1487.8,0.960272361766266
1488,0.965591227776482
1488.2,0.973245658047212
1488.4,0.980630626183856
1488.6,0.985632065075497
1488.8,0.996123344356338
1489,1.00326702317954
1489.2,1.00630386544575
1489.4,1.01254033872082
1489.6,1.02076426624495
1489.8,1.03009418188927
1490,1.03821169359079
1490.2,1.04401715895057
1490.4,1.05010614391212
1490.6,1.05531655317254
1490.8,1.0598699678319
1491,1.06981809168515
1491.2,1.07818070113766
1491.4,1.08320585377833
1491.6,1.09105185346153
1491.8,1.09424412784755
1492,1.10307233451245
1492.2,1.10974646823378
1492.4,1.11690105180517
1492.6,1.12466705195745
1492.8,1.13022023686187
1493,1.13797809041529
1493.2,1.14597681680005
1493.4,1.15556063236971
1493.6,1.16117747378771
1493.8,1.16722454252445
1494,1.17277460037968
1494.2,1.18219993228953
1494.4,1.18749617035094
1494.6,1.19623920520915
1494.8,1.20269976599837
1495,1.21094045059126
1495.2,1.21794730736277
1495.4,1.22543536592244
1495.6,1.23490500146417
1495.8,1.2447402541298
1496,1.25135926718839
1496.2,1.25898561756566
1496.4,1.2692885922317
1496.6,1.27765487691719
1496.8,1.28490197353464
1497,1.29344361582689
1497.2,1.30082365295105
1497.4,1.30785027296742
1497.6,1.31495074191382
1497.8,1.32515240871267
1498,1.3316453772096
1498.2,1.34007451954053
1498.4,1.34798754183459
1498.6,1.35674269157614
1498.8,1.36335297943958
1499,1.37182580324928
1499.2,1.38062445714166
1499.4,1.38745223082001
1499.6,1.39345705296577
1499.8,1.40216057509688
1500,1.41175360361207
1500.2,1.42084955788867
1500.4,1.4305656705019
1500.6,1.43837607711651
1500.8,1.44784628278731
1501,1.45656670986818
1501.2,1.46568169393015
1501.4,1.47251622821475
1501.6,1.48284885372559
1501.8,1.49211704236077
1502,1.50145141664696
1502.2,1.51116343753416
1502.4,1.52042678140674
1502.6,1.53033425736095
1502.8,1.54067883271742
1503,1.54849752968596
1503.2,1.55912658143254
1503.4,1.57098532233592
1503.6,1.58138317381588
1503.8,1.59270453467246
1504,1.60361129743375
1504.2,1.61214842422991
1504.4,1.62271041413524
1504.6,1.63457674486281
1504.8,1.64571506586257
1505,1.65763596965763
1505.2,1.66793685337645
1505.4,1.68078639933594
1505.6,1.69144479282701
1505.8,1.70395509511612
1506,1.71587391027103
1506.2,1.72859539936263
1506.4,1.73886762153128
1506.6,1.75162890542614
1506.8,1.76435842635649
1507,1.77683380337506
1507.2,1.79160837802655
1507.4,1.80563519048319
1507.6,1.81911866574631
1507.8,1.84440238324537
1508,1.85185563232251
1508.2,1.86624567088543
1508.4,1.88159329578964
1508.6,1.89495389827248
1508.8,1.91083705802225
1509,1.92560873353542
1509.2,1.93896615905808
1509.4,1.9559209764462
1509.6,1.97134837176322
1509.8,1.98391729751978
1510,1.99927753498156
1510.2,2.0163623266492
1510.4,2.03011928943866
1510.6,2.05194925387595
1510.8,2.06828274385537
1511,2.08031982577438
1511.2,2.09739553312021
1511.4,2.11248146149724
1511.6,2.13077511811199
1511.8,2.1470930112014
1512,2.16839401865467
1512.2,2.18765757679518
1512.4,2.2085943337343
1512.6,2.22721835084722
1512.8,2.24491845937155
1513,2.26240945526155
1513.2,2.27906918455811
1513.4,2.29976601843882
1513.6,2.32291393561022
1513.8,2.34088248645529
1514,2.36385054592701
1514.2,2.38718481388423
1514.4,2.40931222602976
1514.6,2.43145176294305
1514.8,2.45138336480165
1515,2.47349271026278
1515.2,2.5002800560831
1515.4,2.52098601971945
1515.6,2.54213641036441
1515.8,2.56522516897095
1516,2.58837851015346
1516.2,2.61181222861846
1516.4,2.63701056650923
1516.6,2.66220617152299
1516.8,2.68784585229911
1517,2.71614793731355
1517.2,2.74633210634619
1517.4,2.77277065524361
1517.6,2.80449629632456
1517.8,2.82968769509977
1518,2.86142460967097
1518.2,2.89423150773862
1518.4,2.93041288431428
1518.6,2.96173119563728
1518.8,2.9976923787272
1519,3.03239811418212
1519.2,3.07078194265053
1519.4,3.11196274218377
1519.6,3.15316344272549
1519.8,3.19398874822349
1520,3.23377518093642
1520.2,3.27768556644879
1520.4,3.32465441012339
1520.6,3.37163190808075
1520.8,3.42322679310024
1521,3.47182519333637
1521.2,3.51948617690583
1521.4,3.57304126166875
1521.6,3.62610852798011
1521.8,3.68528046307343
1522,3.74457784139821
1522.2,3.80625418441951
1522.4,3.86319400627382
1522.6,3.92682709241451
1522.8,3.9862597305448
1523,4.05581066313905
1523.2,4.12029029885006
1523.4,4.17626888668594
1523.6,4.23901011968588
1523.8,4.30440727883441
1524,4.3731867999405
1524.2,4.44666059960443
1524.4,4.51044244513256
1524.6,4.56966582487152
1524.8,4.63733194782269
1525,4.70442092413198
1525.2,4.77099879005919
1525.4,4.83885847957705
1525.6,4.89896242372283
1525.8,4.95990982131076
1526,5.01778151844392
1526.2,5.0750300852456
1526.4,5.13974234080817
1526.6,5.1980830038209
1526.8,5.24942302151066
1527,5.30282522892935
1527.2,5.36024882779188
1527.4,5.41428399500678
1527.6,5.46708272820146
1527.8,5.51619152944853
1528,5.55847913944174
1528.2,5.60365308504052
1528.4,5.64442980307334
1528.6,5.68750543630719
1528.8,5.72507891260252
1529,5.76444783187678
1529.2,5.8010045561793
1529.4,5.83489761028984
1529.6,5.86902392155852
1529.8,5.89860482096725
1530,5.92807408262818
1530.2,5.95070275115682
1530.4,5.97210172192499
1530.6,5.98762654358598
1530.8,6.00196022392771
1531,6.01058550426383
1531.2,6.01511681306381
1531.4,6.01453171329823
1531.6,6.01191448289968
1531.8,6.00569486795466
1532,5.99549764392322
1532.2,5.97939070791457
1532.4,5.95725404468673
1532.6,5.93120307405728
1532.8,5.89998882469618
1533,5.8617272231851
1533.2,5.81654922811674
1533.4,5.77015241936027
1533.6,5.72185843532157
1533.8,5.66929836284933
1534,5.61250741263718
1534.2,5.54523399110322
1534.4,5.47620406605887
1534.6,5.41476456836358
1534.8,5.34363057060228
1535,5.26948731688285
1535.2,5.20010151529449
1535.4,5.12205252651784
1535.6,5.04976169311178
1535.8,4.98405539928093
1536,4.9108984634774
1536.2,4.84424285349589
1536.4,4.77976604592958
1536.6,4.71767808181878
1536.8,4.66390486743324
1537,4.61446803473289
1537.2,4.56430683666604
1537.4,4.51810328284118
1537.6,4.47354440460904
1537.8,4.43548000667001
1538,4.40199490731392
1538.2,4.36851095493912
1538.4,4.33964242834515
1538.6,4.31417785407202
1538.8,4.29339813418675
1539,4.27754817169718
1539.2,4.26338440003061
1539.4,4.24936825666236
1539.6,4.23591816930189
1539.8,4.22411275187794
1540,4.2157704569153
1540.2,4.21087986476723
1540.4,4.20668598548393
1540.6,4.20198619000417
1540.8,4.1995559919122
1541,4.19726496450242
1541.2,4.19351345003265
1541.4,4.19222371890929
1541.6,4.19226132237558
1541.8,4.19572587073997
1542,4.19674983642688
1542.2,4.19746780143565
1542.4,4.19878840790846
1542.6,4.19869278040951
1542.8,4.20002842944602
1543,4.20143829454397
1543.2,4.1980743366764
1543.4,4.1984349312026
1543.6,4.19922043409739
1543.8,4.2004877802399
1544,4.19998109422489
1544.2,4.19959931423168
1544.4,4.19832094845865
1544.6,4.19901742705885
1544.8,4.19816209263535
1545,4.19845444156551
1545.2,4.1956384626505
1545.4,4.19419673964125
1545.6,4.19057696069826
1545.8,4.18808877305456
1546,4.18276034088833
1546.2,4.17761677618996
1546.4,4.17545671468952
1546.6,4.17140204825961
1546.8,4.16984586703824
1547,4.1657338285366
1547.2,4.16123807395197
1547.4,4.15661137822347
1547.6,4.15034951972421
1547.8,4.14322378348148
1548,4.13903686349331
1548.2,4.13386115671079
1548.4,4.13158812056549
1548.6,4.13005933795131
1548.8,4.12549907919813
1549,4.11750353152684
1549.2,4.11168558396018
1549.4,4.10481150395196
1549.6,4.09904548674466
1549.8,4.09468408916799
1550,4.0898873821324
1550.2,4.08238558581898
1550.4,4.07469420916649
1550.6,4.06618427688959
1550.8,4.05694652169054
1551,4.05036355004215
1551.2,4.04397199945922
1551.4,4.0406112698547
1551.6,4.0352682473049
1551.8,4.02762462645446
1552,4.01886412620139
1552.2,4.01028639227442
1552.4,4.00439491932495
1552.6,3.99961758241595
1552.8,3.99221423103776
1553,3.98696836156644
1553.2,3.98093265613437
1553.4,3.9772691516498
1553.6,3.97159722582692
1553.8,3.96380434624181
1554,3.95812762252084
1554.2,3.95216769481073
1554.4,3.94465240174741
1554.6,3.9383123364051
1554.8,3.93470367514359
1555,3.93003099322702
1555.2,3.92317037858128
1555.4,3.91578538471589
1555.6,3.90754516911178
1555.8,3.90162055372333
1556,3.8949894752676
1556.2,3.88872891127289
1556.4,3.88036302330819
1556.6,3.87428187094218
1556.8,3.86585939234151
1557,3.85711875561507
1557.2,3.84739607252601
1557.4,3.8389579383465
1557.6,3.829203340582
1557.8,3.81986208043335
1558,3.81046939592218
1558.2,3.80007938417682
1558.4,3.78908900410021
1558.6,3.77711426666209
1558.8,3.76422485762912
1559,3.75072550552621
1559.2,3.73756790106047
1559.4,3.72244178759222
1559.6,3.70904981374556
1559.8,3.69526083685441
1560,3.67819804740457
1560.2,3.6619620337033
1560.4,3.64519411779793
1560.6,3.6277468489864
1560.8,3.6091328624766
1561,3.59019185203218
1561.2,3.57171383095707
1561.4,3.55377254774315
1561.6,3.53360467885962
1561.8,3.51364066425685
1562,3.4902249427561
1562.2,3.4687357480546
1562.4,3.44550712282238
1562.6,3.42414016331477
1562.8,3.39963895417945
1563,3.37803805809537
1563.2,3.3534890542722
1563.4,3.33168313181957
1563.6,3.31021188612483
1563.8,3.28484662375714
1564,3.25793566066836
1564.2,3.23195340944219
1564.4,3.20609610460236
1564.6,3.18399466598671
1564.8,3.15631138246577
1565,3.13046583867627
1565.2,3.10445346902606
1565.4,3.07570041144156
1565.6,3.05063599127498
1565.8,3.02489527948689
1566,2.99930673514168
1566.2,2.97170845825542
1566.4,2.94351803728327
1566.6,2.91751572347381
1566.8,2.89105084415052
1567,2.86522554930131
1567.2,2.83638142858564
1567.4,2.80602732876372
1567.6,2.77778534830247
1567.8,2.75142748994121
1568,2.72817373724415
1568.2,2.70475800827964
1568.4,2.67929476705584
1568.6,2.65214131201359
1568.8,2.62254660255665
1569,2.59790255780498
1569.2,2.57556849452064
1569.4,2.54735044994514
1569.6,2.51988760543012
1569.8,2.4937809644197
1570,2.47111171672518
1570.2,2.44998629359514
1570.4,2.42361952766117
1570.6,2.3989246217479
1570.8,2.37437125827354
1571,2.34989916790009
1571.2,2.33305600398223
1571.4,2.30514534412067
1571.6,2.28299571016258
1571.8,2.25862870048808
1572,2.23698780416037
1572.2,2.21677243586194
1572.4,2.19517828988576
1572.6,2.17436624324257
1572.8,2.15207472147021
1573,2.13261522903088
1573.2,2.11128094835507
1573.4,2.09036324342593
1573.6,2.0695850628038
1573.8,2.05032910240586
1574,2.03162830376725
1574.2,2.01120211342246
1574.4,1.99311512269467
1574.6,1.97661491197494
1574.8,1.95853500301674
1575,1.94139146093572
1575.2,1.9228696502299
1575.4,1.90626176312353
1575.6,1.88998344550435
1575.8,1.87381597161199
1576,1.85751426980185
1576.2,1.84191772988204
1576.4,1.82531155828696
1576.6,1.81104259841589
1576.8,1.79691554247012
1577,1.78200721294223
1577.2,1.76646969127447
1577.4,1.75178968178214
1577.6,1.73888648477998
1577.8,1.72835172283908
1578,1.71637568273315
1578.2,1.70249941531823
1578.4,1.6896730485896
1578.6,1.67764943870495
1578.8,1.66632762388131
1579,1.65511861440446
1579.2,1.64410217193473
1579.4,1.63505276433509
1579.6,1.62351422589568
1579.8,1.6127187241265
1580,1.60437291726779
1580.2,1.59547302353733
1580.4,1.58660896641291
1580.6,1.57587670011633
1580.8,1.56676487727152
1581,1.55848985643426
1581.2,1.54787560858094
1581.4,1.53840950744959
1581.6,1.528466103345
1581.8,1.51830980141283
1582,1.50996513540945
1582.2,1.5027527056864
1582.4,1.49306925432209
1582.6,1.48727885983893
1582.8,1.47996657217999
1583,1.47006151382976
1583.2,1.46503972128825
1583.4,1.45921675515538
1583.6,1.4523440592798
1583.8,1.44469802608155
1584,1.43713952270796
1584.2,1.43101355853697
1584.4,1.42496029755176
1584.6,1.41631971394373
1584.8,1.41093199882984
1585,1.40448918477558
1585.2,1.39939980299433
1585.4,1.3938617268048
1585.6,1.3873136949116
1585.8,1.38088377315374
1586,1.37521937215382
1586.2,1.37080369764258
1586.4,1.36581813726625
1586.6,1.36133729361979
1586.8,1.35526643376576
1587,1.34811535322984
1587.2,1.34367037827476
1587.4,1.33822054703799
1587.6,1.33551432989991
1587.8,1.32901328293645
1588,1.32446649091381
1588.2,1.31850398910535
1588.4,1.31352664060285
1588.6,1.30994847006085
1588.8,1.30349406762451
1589,1.29873321633163
1589.2,1.29330748888379
1589.4,1.28904497005873
1589.6,1.28243971532861
1589.8,1.27998270217372
1590,1.27445436105621
1590.2,1.27175172696576
1590.4,1.26572016786053
1590.6,1.2606179548491
1590.8,1.25626589574447
1591,1.25080940157651
1591.2,1.24737140833622
1591.4,1.2418777076158
1591.6,1.23902865706679
1591.8,1.2317454693607
1592,1.23102973168692
1592.2,1.22420945739574
1592.4,1.21995086203211
1592.6,1.2181609220104
1592.8,1.21146465188032
1593,1.20723931955409
1593.2,1.20359812845024
1593.4,1.19893602176843
1593.6,1.19482139494585
1593.8,1.1884349216069
1594,1.1861484145506
1594.2,1.17998407175765
1594.4,1.17700419289661
1594.6,1.17319071485033
1594.8,1.16952147792327
1595,1.16643023268823
1595.2,1.16043523544202
1595.4,1.1557494885897
1595.6,1.15289007576623
1595.8,1.14450762149374
1596,1.14229227076339
1596.2,1.13726094030296
1596.4,1.13388127033822
1596.6,1.12873518471349
1596.8,1.12721713060994
1597,1.12064564330584
1597.2,1.11760635136179
1597.4,1.11461610118909
1597.6,1.10825774028126
1597.8,1.10398756043466
1598,1.10073471996021
1598.2,1.09613790440362
1598.4,1.09383409247021
1598.6,1.0890770878418
1598.8,1.0818052045301
1599,1.07762933632202
1599.2,1.07655234760599
1599.4,1.07134683403048
1599.6,1.06726210808366
1599.8,1.06537905705296
1600,1.0598064568427
1600.2,1.05758068574147
1600.4,1.05455231180898
1600.6,1.05093626936102
1600.8,1.04288549450231
1601,1.03845480587099
1601.2,1.0341890137394
1601.4,1.0263592891198
1601.6,1.02254658987168
1601.8,1.01920459313172
1602,1.0191434793906
1602.2,1.01372076663898
1602.4,1.00944241043415
1602.6,1.00812141305152
1602.8,1.00102710467436
1603,0.997822227268458
1603.2,0.995014459954397
1603.4,0.989623981321508
1603.6,0.985620424495941
1603.8,0.979871875040606
1604,0.975272695532188
1604.2,0.970550875703465
1604.4,0.966963100518806
1604.6,0.960442920138742
1604.8,0.95878649111092
1605,0.954127104884622
1605.2,0.949973213104468
1605.4,0.945526667367237
1605.6,0.938084159874681
1605.8,0.935173458322318
1606,0.928225334308542
1606.2,0.927076676178749
1606.4,0.923143513173207
1606.6,0.916135911774037
1606.8,0.913365996031382
1607,0.908329579411853
1607.2,0.90447608476095
1607.4,0.89345097780019
1607.6,0.891179520066625
1607.8,0.889531001972169
1608,0.886658679128789
1608.2,0.882434453299747
1608.4,0.873543386996213
1608.6,0.872147490528166
1608.8,0.863895818258693
1609,0.863621211339897
1609.2,0.854528826337026
1609.4,0.85011022681852
1609.6,0.84738803768094
1609.8,0.842709681341756
1610,0.832033346939295
1610.2,0.828282368801731
1610.4,0.822672243106964
1610.6,0.819391600637834
1610.8,0.812785730783314
1611,0.805743905393672
1611.2,0.797634124192942
1611.4,0.794275034263568
1611.6,0.791157400441335
1611.8,0.788617717845366
1612,0.776998529501092
1612.2,0.769679504829588
1612.4,0.767680210136661
1612.6,0.765662033084296
1612.8,0.757428008534264
1613,0.752098847072027
1613.2,0.743367293389267
1613.4,0.738268941368513
1613.6,0.734934819281217
1613.8,0.727347814689187
1614,0.725038994052587
1614.2,0.717164285194396
1614.4,0.71099431867873
1614.6,0.709455335686852
1614.8,0.698912171221495
1615,0.693347029413251
1615.2,0.682395276076097
1615.4,0.682112732538006
1615.6,0.676784680899165
1615.8,0.667393619851908
1616,0.669147243439015
1616.2,0.651189619826357
1616.4,0.652156843820057
1616.6,0.642649720146569
1616.8,0.636852600509005
1617,0.625140158876736
1617.2,0.620504276141738
1617.4,0.614783614462847
1617.6,0.604425727191341
1617.8,0.60308442360974
1618,0.590162181458515
1618.2,0.586600199918792
1618.4,0.574426337733114
1618.6,0.566718565392755
1618.8,0.559229401956457
1619,0.55831440447952
1619.2,0.545970309698818
1619.4,0.54787499627125
1619.6,0.537098675146196
1619.8,0.530511629709974
1620,0.518246926668461
1620.2,0.512683613967177
1620.4,0.509194226825274
1620.6,0.501257708122228
1620.8,0.487845552050225
1621,0.487577294496457
1621.2,0.474521705226643
1621.4,0.463141704745306
1621.6,0.456080268866018
1621.8,0.443870062427729
1622,0.435178711944673
1622.2,0.428992317989008
1622.4,0.412931561670134
1622.6,0.407675802694839
1622.8,0.405505825858991
1623,0.393505240045005
1623.2,0.385026195588369
1623.4,0.380380705461566
1623.6,0.366690368003449
1623.8,0.359083269574169
1624,0.356501989633499
1624.2,0.35134717926329
1624.4,0.339378673650843
1624.6,0.326998306283532
1624.8,0.314101933894137
1625,0.320475211061586
1625.2,0.302433338091446
1625.4,0.292954377385309
1625.6,0.28933747860945
1625.8,0.281268981896551
1626,0.271257092483384
1626.2,0.270878155453931
1626.4,0.255795372458629
1626.6,0.246732587924493
1626.8,0.236716254068269
1627,0.226460916353914
1627.2,0.217567463812548
1627.4,0.203121065899386
1627.6,0.204352596286353
1627.8,0.184733969853837
1628,0.180994227094507
1628.2,0.174187845990558
1628.4,0.173855243931115
1628.6,0.165983725641029
1628.8,0.15570918755084
1629,0.145197109363089
1629.2,0.141213670509233
1629.4,0.126087729921649
1629.6,0.121081563780447
1629.8,0.118483776855133
1630,0.109161717669422
1630.2,0.0906368018819502
1630.4,0.0866449150176832
1630.6,0.088346788886269
1630.8,0.0614868389581324
1631,0.0561097062511134
1631.2,0.0482682235434532
1631.4,0.033003747407607
1631.6,0.0302111323381676
1631.8,0.0256497256251743
1632,0.0254066852094613
1632.2,0.0280470516562661
1632.4,0.00885660171360876
1632.6,0.00159540109013607
1632.8,-0.0103548873631202
1633,-0.0184239632747369
1633.2,-0.0232341498380162
1633.4,-0.0314496659604841
1633.6,-0.037414408570899
1633.8,-0.0472171650446704
1634,-0.0525240536118031
1634.2,-0.066671567034328
1634.4,-0.0718482696242681
1634.6,-0.0872333673848458
1634.8,-0.0985093545424439
1635,-0.0949416795964856
1635.2,-0.10049186398467
1635.4,-0.104730176118939
1635.6,-0.1212299993473
1635.8,-0.126522514230418
1636,-0.123664580834553
1636.2,-0.14625281097322
1636.4,-0.148126419120625
1636.6,-0.156306573937578
1636.8,-0.167157022503295
1637,-0.176702387278776
1637.2,-0.189339861325011
1637.4,-0.180536905281485
1637.6,-0.196003836412712
1637.8,-0.204051938141669
1638,-0.217674176182195
1638.2,-0.233605971736583
1638.4,-0.227510858719765
1638.6,-0.239343042593839
1638.8,-0.252105693737565
1639,-0.256246064696874
1639.2,-0.238214280229349
1639.4,-0.275029626834253
1639.6,-0.274301977678257
1639.8,-0.282738437832715
1640,-0.275591354002911
1640.2,-0.297009946509073
1640.4,-0.301817410555285
1640.6,-0.316379107056654
1640.8,-0.313829935545964
1641,-0.313829474838904
1641.2,-0.314611327613478
1641.4,-0.342374774047439
1641.6,-0.340653254675817
1641.8,-0.356902112034016
1642,-0.352312699324125
1642.2,-0.347993592527792
1642.4,-0.339135231892464
1642.6,-0.358624746376977
1642.8,-0.370431535315671
1643,-0.389111836400513
1643.2,-0.378498350368045
1643.4,-0.392775008073181
1643.6,-0.413055586305718
1643.8,-0.422417177913388
1644,-0.401563415862273
1644.2,-0.422956886700397
1644.4,-0.427362125025222
1644.6,-0.427702544338313
1644.8,-0.438148462744133
1645,-0.432948330215288
1645.2,-0.455589043036839
1645.4,-0.459710409463632
1645.6,-0.470476514501904
1645.8,-0.450632033700918
1646,-0.48305344261147
1646.2,-0.516792308872981
1646.4,-0.473724419843334
1646.6,-0.50808786024639
1646.8,-0.490213185774274
1647,-0.490422849152354
1647.2,-0.500672855181361
1647.4,-0.506877786171746
1647.6,-0.549140310037919
1647.8,-0.524396074944088
1648,-0.505946239020886
1648.2,-0.527790233995048
1648.4,-0.541484854772695
1648.6,-0.527292370708783
1648.8,-0.535836818298478
1649,-0.563350434698291
1649.2,-0.544381689448677
1649.4,-0.556711256314083
1649.6,-0.581355254891847
1649.8,-0.575927824971915
1650,-0.59172513193438
